Carstate:
race_position: 1
focused_distances_from_edge: (-1.0, -1.0, -1.0, -1.0, -1.0)
angle: 57.447613328791995
wheel_velocities: (-38.520582820219886, -6.935711405838129, 299.4964986707839, 0.7695739921079165)
rpm: 942.478
speed_y: 0.10809750000000001
last_lap_time: 0.0
distances_from_edge: (-1.0, -1.0, -1.0, -1.0, -1.0, -1.0, -1.0, -1.0, -1.0, -1.0, -1.0, -1.0, -1.0, -1.0, -1.0, -1.0, -1.0, -1.0, -1.0)
z: 0.3452
damage: 5764
fuel: 90.8937
opponents: (200.0, 200.0, 200.0, 200.0, 200.0, 200.0, 200.0, 200.0, 200.0, 200.0, 200.0, 200.0, 200.0, 200.0, 200.0, 200.0, 200.0, 200.0, 200.0, 200.0, 200.0, 200.0, 200.0, 200.0, 200.0, 200.0, 200.0, 200.0, 200.0, 200.0, 200.0, 200.0, 200.0, 200.0, 200.0, 200.0)
distance_raced: 4321.6
speed_z: -0.006505027777777778
distance_from_center: -1.51466
current_lap_time: 707.28
gear: 1
speed_x: 0.09992361111111112
distance_from_start: 4286.6


Command:
brake: 0.0
focus: 0.0
steering: 0.9025840000000074
accelerator: 1
gear: 1
